8474
27403
1932
28064
28124
8565
13523
29330
15305
22921
31628
1057
3946
18428
2656
21248
7038
5343
7153
4408
26210
16995
18337
17020
21070
11775
30479
5551
5284
12418
23616
21522
22909
27387
17902
4843
2597
15635
32630
20689
10741
30877
17311
15658
32457
4866
24382
13621
8433
15681
20669
1691
11684
30029
4022
4451
31265
6786
27018
2206
15807
20906
4368
14233
32560
13432
4245
16568
3605
835
6310
26264
13802
7912
28109
12352
22182
29593
28926
11058
17347
4713
1097
21247
30838
22536
27031
31535
11918
30853
23036
20477
3071
28992
11662
1950
5471
5301
28563
8569
23482
11328
3789
6954
26626
9352
15620
30361
379
25077
9530
29689
21210
24908
10282
2357
23348
21145
14559
