379
835
1057
1097
1691
1932
1950
2206
2357
2597
2656
3071
3605
3789
3946
4022
4245
4368
4408
4451
4713
4843
4866
5284
5301
5343
5471
5551
6310
6786
6954
7038
7153
7912
8433
8474
8565
8569
9352
9530
10282
10741
11058
11328
11662
11684
11775
11918
12352
12418
13432
13523
13621
13802
14233
14559
15305
15620
15635
15658
15681
15807
16568
16995
17020
17311
17347
17902
18337
18428
20477
20669
20689
20906
21070
21145
21210
21247
21248
21522
22182
22536
22909
22921
23036
23348
23482
23616
24382
24908
25077
26210
26264
26626
27018
27031
27387
27403
28064
28109
28124
28563
28926
28992
29330
29593
29689
30029
30361
30479
30838
30853
30877
31265
31535
31628
32457
32560
32630
